$ANSIBLE_VAULT;1.1;AES256
31376238303237623065623330646231316139663834326138353035646533326436393666363833
6262633666316565623839356434363461353738646531300a333834623066626431343235363735
30393834353633656266643065346135636534656663386661383461346435633134643565373731
3530626131663339660a646637656463313737333035643964613562383066666135646261356233
33313734623564376439616530336634393436313936363930366163663138333732643430363832
62633134623037386535353135343465623862396638643130343033383565303434363331333666
63656664313865623930613863633563653533363639356530323732663462633734393931333265
31313239613830306365653837306465623138633231393138633561643236386434393066343034
38333330646135323332643764383636363933616135366235313566356465393333383561616634
31303662626363636566323037353336326132663564306139346139636435343934653462363365
36396130383538343731316539656338303433653737333633313763636661643661346166636637
35393634623137356163623630386665383666303037613830626436396435613834623965393964
66383637346564616139323332636432646564633663623230633432353965623163393033616131
37343935386466373662656536646362363966326135393639363635393231323835613232613136
33336633303733356234666439356536316635356339656461363336633866316366316437376439
31656233346662653139373762373232393166383230336265643034613963343365353339373132
39656430353439383931333432306265383261383161626234323266353462383432313164333561
35303532396163346332313931363739333662643961303965356465373337633666666636393564
34663139653534343563633333326233626561313165396131363236653664656538346232623361
32343333623663613463303762656665316436316165373034313230616536666131616166613030
34333538383362376564613561333539643937316538323830353333376161663432626664333130
30333135313332626537393661623634356464666662313030663762623234386462626537636163
62636236363539346161666263643664616463373636373731383638353932356336616338343933
38323832373366376238326463613537646331653139643335613563623136343862613035326431
3962
